date	rsize	tsize	size
2014-01-16	28412761	676718	29089479
2014-01-15	29540455	684844	30225299
2014-01-14	31101217	698758	31799975
2014-01-13	32194943	710993	32905936
2014-01-12	32560651	713875	33274526
2014-01-11	34816107	731794	35547901
2014-01-10	35198338	735124	35933462
2014-01-09	37651067	753825	38404892
2014-01-08	37819071	755700	38574771
2014-01-07	39429397	773494	40202891
2014-01-06	39917796	777079	40694875
2014-01-05	40824358	788396	41612754
2014-01-04	42163714	812734	42976448
2014-01-03	42521810	816155	43337965
2014-01-02	42834532	819164	43653696
2014-01-01	43194933	823615	44018548
2013-12-31	43660203	827264	44487467
2013-12-30	44131427	831831	44963258
2013-12-29	44473235	834970	45308205
2013-12-28	44777579	838776	45616355
2013-12-27	45133367	842761	45976128
2013-12-26	45718045	846833	46564878
2013-12-25	46222295	852363	47074658
2013-12-24	46570118	856669	47426787
2013-12-23	48293268	874191	49167459
2013-12-22	48896086	880215	49776301
2013-12-21	49778032	888931	50666963
2013-12-20	49942149	890609	50832758
