Date Digest-count Manifest2-count Total-count Digest-size Manifest2-size Total-size
2000-08 2 0 2 0 0 0
2000-09 426 0 426 0 0 0
2000-10 466 0 466 0 0 0
2000-11 469 0 469 0 0 0
2000-12 619 0 619 0 0 0
2001-01 590 0 590 0 0 0
2001-02 677 0 677 0 0 0
2001-03 807 0 806 0 0 0
2001-04 908 0 906 0 0 0
2001-05 791 0 791 0 0 0
2001-06 954 0 954 0 0 0
2001-07 1027 0 1027 0 0 0
2001-08 1206 0 1206 0 0 0
2001-09 1367 0 1367 0 0 0
2001-10 1512 0 1512 152576 0 152576
2001-11 1446 0 1446 2275487744 0 2275487744
2001-12 1556 0 1556 2479986688 0 2479986688
2002-01 1736 0 1736 2861654016 0 2861654016
2002-02 2058 0 2058 3478650097 0 3478650097
2002-03 2194 0 2194 3687347149 0 3687347149
2002-04 2145 0 2145 3395181544 0 3395181544
2002-05 2445 0 2445 4166352353 0 4166352353
2002-06 2947 0 2947 5082886228 0 5082886228
2002-07 3222 0 3222 5230883796 0 5230883796
2002-08 3244 0 3244 4970423584 0 4970423584
2002-09 3744 0 3744 5822016080 0 5822016080
2002-10 3943 0 3943 6367451033 0 6367451033
2002-11 4830 0 4830 8025289495 0 8025289495
2002-12 5616 0 5616 9904585152 0 9904585152
2003-01 6167 0 6167 10403991121 0 10403991121
2003-02 6584 0 6584 11446146241 0 11446146241
2003-03 7073 0 7073 11545211337 0 11545211337
2003-04 7594 0 7594 12297097412 0 12297097412
2003-05 8042 0 8042 13126011999 0 13126011999
2003-06 8374 0 8374 13562652245 0 13562652245
2003-07 9042 0 9042 14032678563 0 14032678563
2003-08 9701 0 9701 14754953093 0 14754953093
2003-09 10371 0 10371 16288164211 0 16288164211
2003-10 11120 0 11120 21075262594 0 21075262594
2003-11 11557 0 11557 24061916481 0 24061916481
2003-12 12107 0 12107 26105916843 0 26105916843
2004-01 12516 0 12516 27374890840 0 27374890840
2004-02 12926 0 12926 26950327380 0 26950327380
2004-03 13398 0 13398 29336946695 0 29336946695
2004-04 14036 0 14036 30758932223 0 30758932223
2004-05 14299 0 14299 31504222736 0 31504222736
2004-06 14870 0 14870 31856494201 0 31856494201
2004-07 15571 0 15571 34224311237 0 34224311237
2004-08 16374 0 16374 36544590939 0 36544590939
2004-09 17098 0 17098 38732420227 0 38732420227
2004-10 17532 0 17532 38170804176 0 38170804176
2004-11 17902 0 17902 39822056611 0 39822056611
2004-12 17816 0 17816 41163671863 0 41163671863
2005-01 18320 0 18320 43839930738 0 43839930738
2005-02 18763 0 18763 44333366154 0 44333366154
2005-03 19266 0 19266 45497211987 0 45497211987
2005-04 19742 0 19742 46556169136 0 46556169136
2005-05 19509 0 19509 45889653718 0 45889653718
2005-06 19958 0 19958 47799943321 0 47799943321
2005-07 20090 0 20090 49164661820 0 49164661820
2005-08 20243 0 20243 50838747936 0 50838747936
2005-09 20890 0 20890 51094489744 0 51094489744
2005-10 21111 0 21111 55047659309 0 55047659309
2005-11 21666 0 21666 56914829730 0 56914829730
2005-12 22080 0 22080 57270147971 0 57270147971
2006-01 22279 0 22279 60330594976 0 60330594976
2006-02 22760 0 22760 59547978734 0 59547978734
2006-03 23058 0 23058 62110949537 0 62110949537
2006-04 23584 0 23584 63080796242 0 63080796242
2006-05 24070 4716 24072 64168503025 12076555677 64171945111
2006-06 24435 7752 24442 69140966154 29295801276 69150627205
2006-07 24784 11610 24791 70056906952 45739794585 70059057968
2006-08 24802 14723 24803 69397350334 49522069528 69397744128
2006-09 25045 16477 25046 71170489149 53197639250 71170882943
2006-10 25480 18456 25482 72218958527 60891341914 72219039912
2006-11 25181 19633 25183 73907318858 67392781190 73907360728
2006-12 24952 20624 24957 73631663287 68748382304 73634714026
2007-01 24861 21134 24866 75165018100 70945526566 75167125955
2007-02 24307 21161 24313 75809227289 73555744746 75811353961
2007-03 24364 24373 24411 74832494452 75159073170 75280547227
2007-04 24601 24629 24652 73834083183 74235847270 74307117308
2007-05 24773 24802 24825 74052026576 74435897395 74507167433
2007-06 25305 25336 25358 76685707286 77092290679 77141442140
2007-07 25232 25325 25349 78475351606 78963438324 79013908100
2007-08 25315 25394 25416 78390294430 78810680399 78859831860
2007-09 25301 25349 25372 79420593103 79919796443 79969324988
2007-10 25367 25428 25451 80238470403 80752523818 80801883628
2007-11 27069 27112 27138 82902032281 83347833858 83400631715
2007-12 27052 27123 27149 83666127980 84097615461 84150413318
2008-01 27326 27379 27401 85633502188 86075573021 86124724482
2008-02 22 27358 27380 49151461 87877607699 87926759160
2008-03 26 27145 27167 53840641 89580485640 89629637101
2008-04 30 27218 27241 55384347 93042319589 93093112686
2008-05 22 27486 27508 49151461 91953868290 92003019751
2008-06 22 27706 27728 49151461 94867736160 94916887621
2008-07 22 27608 27630 49151461 96326162606 96375314067
2008-08 22 27856 27878 49151461 98666415336 98715566797
2008-09 22 27985 28007 49151461 102057798073 102106949534
2008-10 22 31754 31776 49151461 108943237152 108992388613
2008-11 22 32030 32052 49151461 110340223816 110389375277
2008-12 22 32160 32182 49151461 112803303996 112852455457
2009-01 22 32034 32056 49151461 112790329218 112839480679
2009-02 22 32274 32296 49151461 114413966217 114463117678
2009-03 22 32527 32549 49151461 113221790576 113270942037
2009-04 22 32834 32856 49151461 113988086087 114037237548
2009-05 22 33215 33237 49151461 118928472582 118977624043
2009-06 22 31684 31706 49151461 122953779695 123002931156
2009-07 22 31674 31696 49151461 124381366532 124430517993
2009-08 22 31696 31718 49151461 125709743182 125758894643
2009-09 22 31870 31892 49151461 129739612763 129788764224
2009-10 22 31663 31685 49151461 127785759480 127834910941
2009-11 22 31768 31790 49151461 130080490888 130129642349
2009-12 22 31543 31565 49151461 126516508203 126565659664
2010-01 22 31399 31421 49151461 126858291346 126907442807
2010-02 22 35639 35661 49151461 132124546440 132173697901
2010-03 22 35999 36021 49151461 136336030726 136385182187
2010-04 22 36795 36817 49151461 138017212599 138066364060
2010-05 22 36536 36558 49151461 134357895112 134407046573
2010-06 22 36596 36618 49151461 142008966628 142058118089
2010-07 22 36612 36634 49151461 141431945208 141481096669
2010-08 22 36243 36265 49151461 141615349525 141664500986
2010-09 22 36151 36173 49151461 140304209447 140353360908
2010-10 22 36464 36486 49151461 142871544694 142920696155
2010-11 22 41008 41030 49151461 143890099313 143939250774
2010-12 22 40887 40909 49151461 142298970362 142348121823
2011-01 22 40965 40987 49151461 145117631651 145166783112
2011-02 22 41165 41187 49151461 151386755463 151435906924
2011-03 22 41509 41531 49151461 150485733791 150534885252
2011-04 22 41628 41650 49151461 155976752288 156025903749
2011-05 22 41426 41448 49151461 158650006553 158699158014
2011-06 22 41866 41888 49151461 162022323641 162071475102
2011-07 22 42552 42574 49151461 165887263579 165936415040
2011-08 22 47289 47311 49151461 166411448286 166460599747
2011-09 22 47672 47694 49151461 164193534387 164242685848
2011-10 22 48335 48357 49151461 165972018869 166021170330
2011-11 22 40596 40618 49151461 160899308811 160948460272
2011-12 22 41025 41047 49151461 164098442917 164147594378
2012-01 22 41589 41611 49151461 166993018102 167042169563
2012-02 22 42194 42216 49151461 169924417612 169973569073
2012-03 0 42341 42341 0 170703425666 170703425666
2012-04 0 42519 42519 0 173857373854 173857373854
2012-05 0 42077 42077 0 181738378386 181738378386
2012-06 0 37732 37732 0 183515340759 183515340759
2012-07 0 36871 36871 0 170673198511 170673198511
2012-08 0 42366 42220 0 172440645485 170033860463
2012-09 0 42847 42673 0 187426096916 184903632972
2012-10 0 42281 42142 0 176287393376 173816820414
2012-11 0 43497 43365 0 180174627575 177817285081
2012-12 0 43711 43592 0 191122336819 189052122516
2013-01 0 43478 43378 0 187239957476 185591326331
2013-02 0 43656 43564 0 184565880486 183162664303
2013-03 0 44127 44040 0 192109397343 190770131982
2013-04 0 44463 44391 0 204187559946 203439365958
2013-05 0 43811 43743 0 205263855916 204606699066
2013-06 0 44027 43960 0 212797992848 212141261207
2013-07 0 50637 50571 0 218976623858 218320387824
2013-08 0 50762 50699 0 230404728446 229748547232
2013-09 0 51123 51059 0 233208408676 232521692887
2013-10 0 51130 51068 0 237187589216 236536304266
2013-11 0 51910 51849 0 254795733464 254144641144
2013-12 0 52318 52256 0 273197045727 272545950643
2014-01 0 52624 52562 0 250984755317 250333660233
2014-02 0 52395 52337 0 262929809328 262407630201
2014-03 0 52784 52725 0 268114957568 267592726625
2014-04 0 52561 52505 0 265484071431 264962337908
2014-05 0 53096 53040 0 269430172437 268908438914
2014-06 0 53373 53320 0 281073849860 280549984122
2014-07 0 52907 52854 0 273771843136 273247977398
2014-08 0 53296 53245 0 279233330256 278710548021
2014-09 0 53324 53273 0 279539120361 279016338126
2014-10 0 53717 53667 0 306767098225 306272509391
2014-11 0 53406 53358 0 309436554974 308942291662
2014-12 0 54273 54226 0 313759643259 313269724641
2015-01 0 54836 54794 0 320723777811 320234802929
2015-02 0 54423 54384 0 301174028057 300730987180
2015-03 0 54229 54190 0 305869149581 305426108704
2015-04 0 54269 54231 0 312405520466 312003174198
2015-05 0 53383 53348 0 301550031943 301149163932
2015-06 0 52920 52888 0 297545778630 297197452681
2015-07 0 53110 53079 0 302339397496 302008113093
2015-08 0 59928 59898 0 322323720796 321992565828
2015-09 0 60416 60391 0 312493961146 312216462461
2015-10 0 60891 60890 0 312873667572 312873658471
2015-11 0 61107 61106 0 313412889204 313412880103
2015-12 0 61177 61176 0 315424286963 315424277862
2016-01 0 61651 61650 0 325912523019 325912513918
2016-02 0 62044 62043 0 325040038493 325040029392
2016-03 0 62118 62117 0 319864850957 319864841856
2016-04 0 62128 62127 0 317523166557 317523157456
2016-05 0 61555 61555 0 326588599798 326588599798
2016-06 0 61910 61910 0 329834628655 329834628655
2016-07 0 62155 62155 0 333170577662 333170577662
2016-08 0 61775 61775 0 327861385713 327861385713
2016-09 0 61780 61780 0 331720160468 331720160468
2016-10 0 62372 62372 0 337946866223 337946866223
2016-11 0 62548 62548 0 342511041457 342511041457
2016-12 0 62699 62699 0 343134515157 343134515157
2017-01 0 63187 63187 0 346911679975 346911679975
2017-02 0 69604 69604 0 346844080308 346844080308
2017-03 0 69580 69580 0 345057515395 345057515395
2017-04 0 71047 71047 0 502239891673 502239891673
2017-05 0 71309 71309 0 516120735425 516120735425
2017-06 0 70372 70372 0 517023351230 517023351230
2017-07 0 78431 78431 0 525484551045 525484551045
2017-08 0 62245 62245 0 524436526623 524436526623
2017-09 0 62437 62437 0 520619604806 520619604806
2017-10 0 62673 62673 0 520343731198 520343731198
2017-11 0 62907 62907 0 523514498824 523514498824
2017-12 0 62613 62337 0 512852984234 510652574390
2018-01 0 63423 63423 0 484931542832 484931542832
2018-02 0 62456 62456 0 495404282721 495404282721
2018-03 0 62375 62375 0 482133380697 482133380697
2018-04 0 60696 60696 0 485651435296 485651435296
2018-05 0 53406 53406 0 487056053502 487056053502
2018-06 0 53364 53364 0 486680179364 486680179364
2018-07 0 53011 53011 0 476114324590 476114324590
2018-08 0 45973 45973 0 474403712561 474403712561
2018-09 0 46365 46365 0 477088435171 477088435171
2018-10 0 46474 46474 0 480251617455 480251617455
2018-11 0 46420 46420 0 484079058122 484079058122
2018-12 0 46544 46544 0 488405670410 488405670410
2019-01 0 46300 46300 0 490601316644 490601316644
2019-02 0 47212 47212 0 494969999985 494969999985
2019-03 0 46899 46899 0 492751880285 492751880285
2019-04 0 47029 47029 0 482260952943 482260952943
2019-05 0 47091 47091 0 495397181630 495397181630
2019-06 0 47075 47075 0 493757409748 493757409748
2019-07 0 55313 55313 0 500923997896 500923997896
2019-08 0 55569 55569 0 508786736370 508786736370
2019-09 0 55891 55891 0 510931038135 510931038135
2019-10 0 55790 55790 0 513592126042 513592126042
