hash count mean4 stdev4 median4 min4 max4 mean8 stdev8 median8 min8 max8
2000-08 2 1 0.0 1.0 1 1 1 0.0 1.0 1 1
2000-09 426 26.625 3.5333235062756425 26.5 21 33 2.018957345971564 0.9974473833445168 2 1 5
2000-10 466 29.125 3.7228181529588578 28.5 25 38 2.1376146788990824 1.1289996376451494 2.0 1 6
2000-11 469 29.3125 4.026765916961153 27.5 25 40 2.131818181818182 1.193119045967853 2.0 1 8
2000-12 619 38.6875 5.4396547454778785 39.0 31 51 2.703056768558952 1.4832512680892094 2 1 9
2001-01 590 36.875 5.56636101955308 36.5 23 47 2.6222222222222222 1.3709508280166383 2 1 8
2001-02 677 42.3125 6.506907387538261 42.0 31 56 2.9434782608695653 1.5212483680692963 3.0 1 9
2001-03 805 50.3125 6.770512812926359 49.0 35 63 3.3541666666666665 1.6366834265944312 3.0 1 9
2001-04 906 56.625 7.389815626928726 55.5 44 70 3.6979591836734693 1.8111322195525579 3 1 10
2001-05 791 49.4375 7.176077880708932 49.0 36 66 3.2154471544715446 1.6174622560190932 3.0 1 9
2001-06 954 59.625 7.235977819203152 59.0 45 75 3.8313253012048194 1.7686648501088191 4 1 10
2001-07 1025 64.0625 8.377564905746777 64.0 50 86 4.051383399209486 1.9237767694144357 4 1 10
2001-08 1207 75.4375 8.139170335482603 74.0 62 96 4.751968503937008 2.0898837851010925 5.0 1 11
2001-09 1372 85.75 8.15858443604036 86.5 70 101 5.359375 2.236886700164986 5.0 1 12
2001-10 1521 95.0625 8.481367445760148 94.0 82 111 5.94140625 2.338637001003135 6.0 1 12
2001-11 1461 91.3125 7.564049428051089 92.5 74 105 5.70703125 2.3427308982304043 6.0 1 14
2001-12 1566 97.875 5.577577879330776 97.5 89 107 6.1171875 2.363859046103162 6.0 1 14
2002-01 1746 109.125 8.161456671452713 108.0 97 125 6.8203125 2.56000974653296 6.5 2 14
2002-02 2024 126.5 7.960841664045329 126.5 111 139 7.90625 2.752662063802965 8.0 1 16
2002-03 2145 134.0625 9.503083381197914 135.0 114 154 8.37890625 2.792460618112803 8.0 2 16
2002-04 2100 131.25 9.276987657639737 132.5 115 150 8.203125 2.8183532841670154 8.0 2 16
2002-05 2407 150.4375 11.25815676520806 147.0 133 174 9.40234375 3.078122521413977 9.0 3 18
2002-06 2912 182 9.63716763369819 181.0 166 198 11.375 3.1696805832764916 11.0 4 21
2002-07 3213 200.8125 11.775072982788684 200.5 181 231 12.55078125 3.1926061085966175 13.0 4 20
2002-08 3233 202.0625 14.372146455905604 203.0 180 231 12.62890625 3.474092784988757 13.0 4 22
2002-09 3734 233.375 15.01197438713509 233.5 208 263 14.5859375 3.7749738073387675 15.0 5 25
2002-10 3933 245.8125 13.276947832615747 243.5 228 267 15.36328125 3.8146586326168737 15.0 5 27
2002-11 4816 301 14.252192813739224 296.5 284 331 18.8125 4.070185038791234 18.0 9 31
2002-12 5603 350.1875 12.26386332890252 352.0 325 370 21.88671875 4.492926230019633 22.0 9 35
2003-01 6041 377.5625 14.882744832523334 381.0 346 402 23.59765625 4.505880963456085 23.0 10 37
2003-02 6450 403.125 18.917171432325713 405.0 366 433 25.1953125 4.823540248338739 25.0 10 40
2003-03 6885 430.3125 21.35918640187402 434.5 378 467 26.89453125 5.0914114047848695 27.0 12 43
2003-04 7516 469.75 22.230328382639787 473.0 408 507 29.359375 5.483261995324955 29.0 16 47
2003-05 8625 539.0625 20.93283530126772 539.5 495 572 33.69140625 5.780699667640668 33.0 17 53
2003-06 8879 554.9375 17.93902432547545 561.5 523 587 34.68359375 5.728687095221813 34.0 18 53
2003-07 9507 594.1875 14.799572417809914 593.0 569 619 37.13671875 5.73715101190464 37.0 21 57
2003-08 10123 632.6875 18.250749128460452 634.5 593 661 39.54296875 5.987463251371438 39.5 24 58
2003-09 10766 672.875 20.371165283311605 671.5 640 704 42.0546875 6.374765429201592 42.0 24 61
2003-10 11378 711.125 23.978831810578264 706.0 680 764 44.4453125 6.739932995018849 44.0 28 71
2003-11 11806 737.875 22.5079846943257 737.5 704 775 46.1171875 6.886491638697004 46.0 31 73
2003-12 12264 766.5 25.124689052802225 762.0 725 803 47.90625 7.0831418479019606 48.0 31 69
2004-01 12542 783.875 23.758879918885064 788.0 748 818 48.9921875 7.1408771495414864 49.0 33 71
2004-02 12954 809.625 23.0702053523587 815.0 767 841 50.6015625 7.472177397425315 50.0 33 70
2004-03 13402 837.625 28.01311076978064 839.0 791 874 52.3515625 7.513102974709834 52.0 34 70
2004-04 13975 873.4375 26.844386633894246 877.0 806 905 54.58984375 7.661269679406015 55.0 36 75
2004-05 14153 884.5625 29.03008945473644 888.0 805 927 55.28515625 7.732385121234323 55.0 35 78
2004-06 14685 917.8125 31.63506509792575 920.0 840 972 57.36328125 7.794031882369897 57.0 34 83
2004-07 15330 958.125 32.96375850839828 949.0 888 1009 59.8828125 7.91223448779444 60.0 39 88
2004-08 16123 1007.6875 34.69999774855901 1007.0 929 1067 62.98046875 8.043558744751818 63.0 46 88
2004-09 16771 1048.1875 31.66665981359575 1056.0 958 1084 65.51171875 8.409435930601912 66.0 45 91
2004-10 17238 1077.375 31.772383841946766 1080.5 1000 1120 67.3359375 8.497497190119791 68.0 46 100
2004-11 17577 1098.5625 36.91877698069101 1102.0 1005 1152 68.66015625 9.236356829160831 69.0 46 103
2004-12 17543 1096.4375 36.79158998670756 1101.5 1003 1145 68.52734375 8.85645258099065 69.0 46 102
2005-01 18047 1127.9375 38.84016727242559 1137.5 1025 1173 70.49609375 9.032925037949276 71.0 46 103
2005-02 18534 1158.375 36.486084676215945 1165.0 1063 1205 72.3984375 9.023268396683862 73.0 49 106
2005-03 19075 1192.1875 33.632608339972684 1193.0 1099 1235 74.51171875 9.01300380954643 75.0 50 104
2005-04 19554 1222.125 38.991785993975704 1218.5 1129 1295 76.3828125 9.38884069466746 77.0 52 107
2005-05 19322 1207.625 40.75057514931538 1208.0 1106 1288 75.4765625 9.116404207997457 75.5 49 109
2005-06 19771 1235.6875 45.082866410089764 1234.5 1109 1309 77.23046875 9.292428525701634 78.0 54 110
2005-07 19902 1243.875 46.703686952959075 1250.0 1108 1310 77.7421875 9.37353829750771 78.0 51 110
2005-08 20060 1253.75 45.039565939293865 1255.0 1123 1319 78.359375 9.675383047165369 78.0 51 113
2005-09 20705 1294.0625 45.917682800311255 1299.5 1169 1367 80.87890625 9.625252856611661 81.0 54 111
2005-10 20924 1307.75 46.794096849923285 1310.5 1182 1384 81.734375 9.688898588558711 82.0 54 107
2005-11 21487 1342.9375 43.10375382434806 1341.5 1232 1413 83.93359375 9.737546352134142 84.5 55 111
2005-12 21897 1368.5625 42.99268651468526 1371.5 1254 1440 85.53515625 9.589154761400295 86.0 57 113
2006-01 22094 1380.875 43.027425846778236 1390.5 1267 1449 86.3046875 9.641672729736461 85.0 64 114
2006-02 22579 1411.1875 41.06430741836516 1412.0 1312 1481 88.19921875 9.492357090820406 87.0 68 115
2006-03 22884 1430.25 41.26969226926705 1433.5 1329 1501 89.390625 9.572694218942491 89.0 70 114
2006-04 23409 1463.0625 43.685622277243574 1470.0 1341 1521 91.44140625 9.99435799701316 92.0 69 115
2006-05 23897 1493.5625 42.07577799340138 1506.5 1375 1547 93.34765625 10.257630276132785 93.5 70 120
2006-06 24266 1516.625 49.263164484226955 1534.5 1396 1586 94.7890625 10.128589135269223 94.0 72 124
2006-07 24621 1538.8125 46.71217554075169 1551.5 1411 1597 96.17578125 10.334841300288478 96.0 72 127
2006-08 24637 1539.8125 45.76873762460573 1554.0 1413 1590 96.23828125 10.409668140526788 96.0 74 127
2006-09 24878 1554.875 44.619047222010465 1568.5 1440 1607 97.1796875 10.488783885767871 97.0 72 124
2006-10 25316 1582.25 38.96071739585913 1586.5 1494 1641 98.890625 10.614505386939845 98.0 74 130
2006-11 25017 1563.5625 36.250808180646125 1567.5 1467 1615 97.72265625 10.241099144834793 97.0 72 131
2006-12 24950 1559.375 38.739313042437914 1564.0 1464 1608 97.4609375 10.491367242695002 98.0 71 124
2007-01 24862 1553.875 36.336749648255555 1560.0 1471 1614 97.1171875 10.258853717148117 98.0 72 126
2007-02 24308 1519.25 40.055430343462795 1516.0 1432 1578 94.953125 10.443194086790449 95.0 72 123
2007-03 24411 1525.6875 39.3092208489306 1527.0 1441 1582 95.35546875 10.222266662427343 95.0 71 124
2007-04 24652 1540.75 41.91136480717372 1549.0 1452 1610 96.296875 10.525533964335253 97.0 70 123
2007-05 24824 1551.5 45.661800227323496 1559.5 1456 1633 96.96875 10.601398418958698 97.0 74 123
2007-06 25358 1584.875 48.555219853276334 1593.0 1470 1668 99.0546875 10.99027168805866 99.0 70 128
2007-07 25349 1584.3125 47.813071892004594 1592.5 1483 1678 99.01953125 10.611554423376127 99.0 69 127
2007-08 25415 1588.4375 47.87479601784221 1593.0 1485 1663 99.27734375 10.434563320730577 99.0 72 127
2007-09 25372 1585.75 46.231077210032645 1587.5 1496 1650 99.109375 10.292013268033374 99.0 69 124
2007-10 25449 1590.5625 44.8078798176169 1596.0 1500 1663 99.41015625 10.210658798558786 99.0 69 126
2007-11 27137 1696.0625 43.33657339649733 1698.0 1625 1770 106.00390625 10.580605062623354 105.0 80 134
2007-12 27148 1696.75 41.384628788959795 1697.0 1638 1766 106.046875 10.463746472195082 105.0 80 134
2008-01 27398 1712.375 45.113571960109745 1706.5 1649 1790 107.0234375 10.781541549499948 106.0 80 135
2008-02 27380 1711.25 47.51249835569584 1709.5 1633 1808 106.953125 10.80462818584587 106.0 78 138
2008-03 27167 1697.9375 50.64023690456039 1692.0 1610 1785 106.12109375 10.584711500731181 106.0 79 136
2008-04 27240 1702.5 47.791212581394085 1704.0 1611 1782 106.40625 10.67410527573623 106.0 78 134
2008-05 27507 1719.1875 48.060142985118134 1730.0 1610 1782 107.44921875 10.589156423655684 107.0 81 133
2008-06 27726 1732.875 39.52036658483826 1742.5 1643 1788 108.3046875 10.425748319777519 108.0 86 133
2008-07 27628 1726.75 37.75827723824274 1733.5 1654 1804 107.921875 10.371693279516851 108.0 85 136
2008-08 27876 1742.25 40.226701331329664 1751.0 1660 1827 108.890625 10.17866516834968 108.0 85 136
2008-09 28005 1750.3125 43.5096523055517 1755.0 1656 1849 109.39453125 10.241450768459195 109.0 84 136
2008-10 31773 1985.8125 54.926335611890224 1984.5 1881 2112 124.11328125 11.087315888365337 124.0 97 162
2008-11 32048 2003 54.0451200387232 2007.5 1910 2128 125.1875 11.303172950548001 124.0 97 165
2008-12 32182 2011.375 56.602644593693675 2016.5 1924 2151 125.7109375 11.22299003702194 125.0 100 169
2009-01 32056 2003.5 55.783061945361155 2013.5 1907 2139 125.21875 11.106682602717159 125.0 100 169
2009-02 32296 2018.5 55.45155543354938 2027.5 1930 2152 126.15625 11.201937262701483 126.0 98 170
2009-03 32549 2034.3125 52.617391077000384 2045.5 1955 2169 127.14453125 11.132661046118912 127.0 98 169
2009-04 32856 2053.5 56.88694929419225 2064.0 1970 2188 128.34375 11.49927817028095 129.0 99 171
2009-05 33237 2077.3125 54.71599257758192 2086.5 1986 2211 129.83203125 11.610168183494304 130.0 100 177
2009-06 31706 1981.625 47.64959994585474 1984.5 1902 2100 123.8515625 11.169916239999015 124.0 97 166
2009-07 31696 1981 51.807335387954474 1985.0 1904 2104 123.8125 11.025715679718935 123.5 97 166
2009-08 31718 1982.375 54.447078663597736 1985.5 1883 2108 123.8984375 11.119268076568428 124.0 92 160
2009-09 31892 1993.25 56.05744821163375 1995.5 1889 2120 124.578125 11.351699607740464 125.0 93 154
2009-10 31685 1980.3125 56.63117378043651 1984.0 1892 2101 123.76953125 11.488683688972964 123.5 95 150
2009-11 31790 1986.875 57.79908628170518 1991.0 1879 2123 124.1796875 11.539289943594612 124.0 98 151
2009-12 31565 1972.8125 50.6275848105556 1974.0 1870 2089 123.30078125 11.397614855295314 123.0 95 151
2010-01 31421 1963.8125 49.15310105934314 1971.0 1863 2068 122.73828125 11.56730725129658 123.0 93 156
2010-02 35661 2228.8125 52.899927634638594 2227.0 2128 2300 139.30078125 12.093360756615526 139.0 106 177
2010-03 36021 2251.3125 50.12199959847971 2244.5 2160 2338 140.70703125 12.139654054441726 140.0 106 181
2010-04 36817 2301.0625 46.83143809184168 2293.5 2219 2383 143.81640625 12.288264710078511 143.0 111 183
2010-05 36558 2284.875 41.16866982305841 2290.0 2200 2338 142.8046875 12.271383500948202 142.0 110 184
2010-06 36617 2288.5625 43.36468717458942 2293.5 2204 2354 143.03515625 12.008571742221717 143.0 113 184
2010-07 36633 2289.5625 44.87478238108793 2291.5 2207 2352 143.09765625 12.016355812260052 143.0 114 186
2010-08 36264 2266.5 46.330335634441504 2277.0 2192 2343 141.65625 11.945800451937075 141.0 111 183
2010-09 36173 2260.8125 41.187405159223125 2271.0 2192 2312 141.30078125 11.779192433679333 141.5 109 186
2010-10 36486 2280.375 40.13706983575159 2284.5 2217 2330 142.5234375 11.960197560391457 142.0 109 182
2010-11 41030 2564.375 45.03731092105744 2577.5 2478 2621 160.2734375 12.743696262607397 160.0 124 204
2010-12 40909 2556.8125 45.39165500122242 2554.0 2468 2617 159.80078125 12.95467456710698 159.0 127 204
2011-01 40987 2561.6875 46.981005137714966 2555.0 2468 2637 160.10546875 12.917731325305285 159.0 122 202
2011-02 41187 2574.1875 48.24704492246131 2575.0 2476 2647 160.88671875 12.98703001491867 160.0 123 210
2011-03 41530 2595.625 52.3066379630731 2610.5 2474 2668 162.2265625 13.062778013638361 160.5 125 213
2011-04 41650 2603.125 51.80959732520607 2609.5 2497 2683 162.6953125 13.314441521421157 161.0 127 214
2011-05 41448 2590.5 50.16597452457193 2596.5 2472 2643 161.90625 13.041063451172224 160.0 122 208
2011-06 41888 2618 51.227434056372566 2634.0 2509 2687 163.625 12.97322964800978 162.0 122 209
2011-07 42573 2660.8125 50.47303580873653 2670.5 2533 2737 166.30078125 13.186143271997633 164.5 122 211
2011-08 47311 2956.9375 52.82337166207776 2950.5 2873 3051 184.80859375 13.22781472494459 183.5 144 226
2011-09 47694 2980.875 59.52612346692837 2986.5 2891 3068 186.3046875 13.505530460790636 184.5 154 229
2011-10 48357 3022.3125 62.02491308941916 3039.0 2936 3112 188.89453125 13.710761105524865 189.0 154 230
2011-11 40618 2538.625 61.51714699984062 2537.0 2433 2645 158.6640625 12.986036577651156 158.0 128 195
2011-12 41047 2565.4375 65.20829006920823 2568.0 2453 2685 160.33984375 13.2510957084909 160.0 123 196
2012-01 41611 2600.6875 64.25215828087022 2617.0 2477 2731 162.54296875 13.312577368283101 162.5 128 200
2012-02 42216 2638.5 63.079315151640635 2644.0 2521 2753 164.90625 13.679042763932715 166.0 132 202
2012-03 42341 2646.3125 60.899218744988836 2658.5 2539 2764 165.39453125 13.431997760674822 165.0 131 201
2012-04 42519 2657.4375 61.257620699387274 2662.0 2545 2763 166.08984375 13.150411946041308 166.0 133 200
2012-05 42077 2629.8125 62.57816986577667 2632.0 2512 2748 164.36328125 13.054156253216767 164.0 131 198
2012-06 37732 2358.25 58.30576729621179 2361.0 2267 2465 147.390625 11.80024786220082 147.0 113 178
2012-07 36871 2304.4375 55.825586371752514 2294.5 2231 2411 144.02734375 11.33730164410103 144.0 111 174
2012-08 42220 2638.75 59.98801963725757 2636.5 2537 2745 164.921875 11.898732452844504 165.0 135 196
2012-09 42673 2667.0625 62.59938972346296 2653.0 2556 2758 166.69140625 12.171723939009665 167.0 131 198
2012-10 42142 2633.875 67.07353706939868 2620.0 2509 2742 164.6171875 12.270149941620263 165.0 128 194
2012-11 43363 2710.1875 64.71593577898723 2691.5 2589 2825 169.38671875 12.437141144909406 170.0 133 200
2012-12 43589 2724.3125 61.354216185605374 2710.0 2596 2823 170.26953125 12.30796273374572 171.0 139 202
2013-01 43376 2711 54.183715265751204 2698.0 2601 2791 169.4375 12.024876558617972 170.0 136 199
2013-02 43563 2722.6875 57.17048927331303 2711.5 2609 2808 170.16796875 12.432281779666331 170.0 133 206
2013-03 44039 2752.4375 55.26749581580479 2761.0 2653 2851 172.02734375 12.425529508609923 172.0 139 205
2013-04 44390 2774.375 55.60898645902477 2758.0 2678 2886 173.3984375 12.738254297924568 174.0 140 212
2013-05 43742 2733.875 59.02634475384699 2712.5 2625 2855 170.8671875 12.387853863355176 170.0 134 202
2013-06 43959 2747.4375 50.37728747908128 2740.0 2647 2860 171.71484375 12.452438201536514 172.0 133 202
2013-07 50570 3160.625 56.49654303583539 3142.5 3083 3287 197.5390625 13.227222369836147 197.0 162 238
2013-08 50698 3168.625 57.16628704927407 3158.5 3087 3287 198.0390625 13.319336474505542 199.0 164 238
2013-09 51058 3191.125 59.01575531161149 3176.5 3116 3311 199.4453125 13.535721601648866 200.0 162 246
2013-10 51067 3191.6875 59.82027117750303 3184.5 3092 3320 199.48046875 13.191483750142492 200.0 166 236
2013-11 51848 3240.5 62.63485451408026 3232.5 3138 3355 202.53125 13.582466581497632 202.5 166 248
2013-12 52255 3265.9375 66.03452577061488 3260.0 3147 3367 204.12109375 13.587857356982775 205.0 168 245
2014-01 52561 3285.0625 66.54365930537635 3283.0 3153 3378 205.31640625 14.021937485061077 206.0 169 247
2014-02 52336 3271 65.67628948106005 3275.0 3144 3380 204.4375 14.056109659148223 206.0 169 252
2014-03 52724 3295.25 62.27208443596537 3291.0 3163 3384 205.953125 13.915963952754943 206.0 168 249
2014-04 52504 3281.5 62.51699768862865 3277.0 3156 3392 205.09375 14.009727368421556 205.0 163 244
2014-05 53039 3314.9375 60.707772103331216 3318.0 3193 3411 207.18359375 13.943576463194834 207.0 169 247
2014-06 53319 3332.4375 64.00387561507506 3330.5 3201 3428 208.27734375 14.226036401413289 209.0 170 246
2014-07 52853 3303.3125 65.18983696673892 3305.0 3167 3403 206.45703125 14.2444516807957 206.0 168 250
2014-08 53244 3327.75 64.68143087471087 3344.0 3175 3421 207.984375 14.10146511392965 207.0 169 253
2014-09 53273 3329.5625 68.48719656804475 3349.0 3172 3426 208.09765625 14.266514360797313 207.0 173 252
2014-10 53667 3354.1875 61.31192660282337 3363.5 3217 3441 209.63671875 13.78025291797645 208.5 170 249
2014-11 53357 3334.8125 56.73426957095685 3338.0 3216 3411 208.42578125 13.567048465939394 208.0 169 252
2014-12 54226 3389.125 67.48136316791474 3377.5 3235 3507 211.8203125 14.262567700184414 211.5 178 250
2015-01 54794 3424.625 64.348538250686 3421.5 3293 3540 214.0390625 14.185105714131769 214.0 183 253
2015-02 54382 3398.875 68.41954673190988 3389.5 3302 3537 212.4296875 14.385422088084303 212.0 177 252
2015-03 54188 3386.75 67.98023609844262 3384.0 3267 3496 211.671875 14.799762125938884 212.0 173 250
2015-04 54229 3389.3125 71.11058179870278 3388.5 3267 3504 211.83203125 14.895177667588374 212.0 168 252
2015-05 53346 3334.125 61.142124390635956 3325.0 3222 3443 208.3828125 14.640014244864783 208.5 168 253
2015-06 52888 3305.5 65.17284710675145 3297.0 3192 3437 206.59375 14.364908142327259 206.0 172 249
2015-07 53079 3317.4375 62.44694623238193 3311.0 3213 3445 207.33984375 14.096131117281292 207.0 172 245
2015-08 59898 3743.625 69.79960153897729 3731.0 3631 3860 233.9765625 15.34268190974426 235.0 196 283
2015-09 60391 3774.4375 74.21924341941246 3765.0 3641 3904 235.90234375 16.032505871099374 236.5 193 290
2015-10 60890 3805.625 69.34774239295754 3798.5 3691 3922 237.8515625 16.167381244610823 238.5 194 295
2015-11 61106 3819.125 70.38721030840759 3820.5 3700 3946 238.6953125 15.92146673605619 238.0 193 291
2015-12 61176 3823.5 65.91187298203565 3823.0 3709 3942 238.96875 15.64845115139195 240.0 199 289
2016-01 61650 3853.125 70.30636084309869 3851.5 3736 3968 240.8203125 15.725891068627677 241.0 200 292
2016-02 62042 3877.625 73.08289386032821 3882.0 3748 3999 242.3515625 15.914365485579177 243.0 199 295
2016-03 62116 3882.25 70.41706114287929 3881.0 3737 4008 242.640625 15.896999704641596 243.0 201 295
2016-04 62126 3882.875 62.73045014185694 3873.5 3749 3997 242.6796875 15.695308611248896 244.0 203 298
2016-05 61554 3847.125 64.51828713628409 3839.0 3723 3975 240.4453125 15.666848256025963 240.5 198 295
2016-06 61909 3869.3125 61.96744987289698 3865.5 3767 3980 241.83203125 15.562597557895772 242.0 205 292
2016-07 62154 3884.625 65.68378319646334 3874.5 3759 4006 242.7890625 15.810722401936408 243.0 210 289
2016-08 61774 3860.875 68.79487172020892 3847.5 3749 4010 241.3046875 15.715765667868165 241.0 203 296
2016-09 61779 3861.1875 68.79972633484816 3841.5 3751 4003 241.32421875 15.442697738806793 241.0 209 297
2016-10 62371 3898.1875 68.29002374981283 3874.5 3798 4046 243.63671875 15.592618301087166 243.0 206 297
2016-11 62547 3909.1875 64.16893597177688 3897.0 3802 4048 244.32421875 15.811646449758117 244.0 209 296
2016-12 62698 3918.625 63.611982951327654 3906.0 3812 4068 244.9140625 15.32309701875224 245.0 212 294
2017-01 63186 3949.125 60.92708244286772 3938.0 3828 4086 246.8203125 15.512562244914402 247.0 211 299
2017-02 69603 4350.1875 62.29488216338482 4362.0 4208 4495 271.88671875 16.646334389540492 271.0 230 319
2017-03 69579 4348.6875 62.49871873686692 4349.5 4219 4487 271.79296875 16.9099207364057 271.0 229 325
2017-04 71046 4440.375 56.43345085142322 4448.5 4331 4554 277.5234375 16.84370470483242 277.0 233 331
2017-05 71308 4456.75 51.217062586602914 4460.5 4376 4541 278.546875 16.745969372788636 279.0 240 328
2017-06 70372 4398.25 50.55257164576299 4405.0 4318 4478 274.890625 16.56933084374185 276.0 232 319
2017-07 78431 4901.9375 46.10649188292252 4901.5 4838 4997 306.37109375 17.022703829847682 305.0 262 348
2017-08 62245 3890.3125 47.32298430731097 3881.0 3796 3989 243.14453125 15.091602117329142 242.0 201 280
2017-09 62437 3902.3125 49.25154661277146 3893.5 3821 3988 243.89453125 15.245664386728885 243.0 200 282
2017-10 62673 3917.0625 49.899234400439454 3908.5 3824 4006 244.81640625 15.08185622146561 244.0 206 284
2017-11 62906 3931.625 53.182322015872906 3925.5 3852 4029 245.7265625 14.907378020080987 244.5 206 288
2017-12 62336 3896 56.482298111886344 3882.0 3820 4009 243.5 15.1811972518639 243.0 203 289
2018-01 63423 3963.9375 51.763245587482245 3955.0 3887 4066 247.74609375 15.26388917891541 248.0 210 292
2018-02 62456 3903.5 58.08399090971625 3904.0 3808 4025 243.96875 15.191196823736437 243.0 204 284
2018-03 62375 3898.4375 53.42631461882805 3905.5 3798 4012 243.65234375 14.96089415382102 242.0 203 282
2018-04 60696 3793.5 47.32335575590556 3797.0 3712 3889 237.09375 14.798087661502077 236.0 202 277
2018-05 53406 3337.875 46.80928727293335 3336.0 3224 3421 208.6171875 13.55724039359942 208.0 174 241
2018-06 53364 3335.25 46.46705822407956 3332.5 3208 3399 208.453125 13.59190899889986 208.0 172 239
2018-07 53011 3313.1875 42.85909872769142 3323.5 3209 3393 207.07421875 13.54500453403942 206.5 168 238
2018-08 45973 2873.3125 52.100526328915336 2858.5 2761 2985 179.58203125 12.797441966034597 179.0 141 210
2018-09 46365 2897.8125 54.6342597986831 2893.5 2775 3002 181.11328125 12.902839265386454 180.0 143 216
2018-10 46474 2904.625 55.31825535029101 2895.0 2767 3012 181.5390625 12.759128070565549 181.0 141 211
2018-11 46420 2901.25 54.02719222761812 2903.5 2755 2981 181.328125 12.870514616143948 181.0 147 218
2018-12 46544 2909 64.79583319936553 2913.5 2734 2995 181.8125 13.103702959469128 182.0 147 221
2019-01 46300 2893.75 59.75941348440428 2897.5 2740 2991 180.859375 12.993829289681122 180.5 147 219
2019-02 47212 2950.75 59.68301684734109 2952.5 2808 3065 184.421875 13.0931812973156 184.0 147 226
2019-03 46899 2931.1875 68.01582421576614 2938.5 2736 3032 183.19921875 13.125422588993027 182.0 152 221
2019-04 47029 2939.3125 70.62995004776657 2944.5 2762 3053 183.70703125 13.12306940321217 183.0 148 225
2019-05 47091 2943.1875 68.39610620313118 2952.5 2765 3074 183.94921875 13.083616282001259 183.0 151 224
2019-06 47075 2942.1875 70.43012383738936 2950.0 2768 3069 183.88671875 13.338986978342787 184.0 149 219
2019-07 55313 3457.0625 64.64273813623615 3470.5 3322 3570 216.06640625 14.281198180123436 216.0 177 260
2019-08 55569 3473.0625 65.52048224601221 3480.0 3325 3594 217.06640625 14.38204597614543 218.0 176 267
2019-09 55891 3493.1875 61.32211953080226 3488.0 3358 3619 218.32421875 14.194256354319815 218.0 175 264
2019-10 55790 3486.875 56.85823928860267 3481.0 3368 3612 217.9296875 13.731910597303775 218.0 183 258
